0 0 1.0
1 5 0.0
2 8 0.0
3 13 0.0
4 20 0.0
0 25 0.0
1 30 1.0
2 37 0.0
0 44 0.0
1 49 0.0
2 54 1.0
3 61 0.0
5 68 0.0
0 75 0.0
2 80 0.0
3 85 4.000000000000001
4 92 0.0
5 99 0.0
6 106 -0.9999999999999993
7 113 -1.000000000000001
0 118 0.0
3 123 0.0
4 130 1.0
6 137 0.0
8 144 0.0
2 151 0.0
3 158 0.0
5 163 1.0
7 168 0.0
9 175 0.0
3 182 -0.9999999999999993
4 189 0.0
6 196 4.000000000000001
7 203 0.0
8 210 0.0
10 215 -1.0000000000000047
11 220 -0.9999999999999983
3 227 -1.000000000000001
5 234 0.0
6 241 0.0
7 248 4.0
9 255 0.0
11 262 -0.9999999999999991
12 269 -1.0000000000000009
4 274 0.0
6 279 0.0
8 286 1.0
10 293 0.0
13 300 0.0
5 307 0.0
7 314 0.0
9 321 1.0
12 328 0.0
14 335 0.0
6 340 -1.0000000000000047
8 345 0.0
10 352 4.0
11 359 0.0
13 366 0.0
15 373 -0.9999999999999993
16 380 -0.9999999999999981
6 387 -0.9999999999999983
7 394 -0.9999999999999991
10 401 0.0
11 408 4.0
12 413 0.0
16 418 -1.0000000000000044
17 425 -0.9999999999999982
7 432 -1.0000000000000009
9 439 0.0
11 446 0.0
12 453 4.0
14 460 0.0
17 467 -0.9999999999999991
18 474 -1.0000000000000007
8 481 0.0
10 488 0.0
13 493 1.0
15 498 0.0
19 505 0.0
9 512 0.0
12 519 0.0
14 526 1.0
18 533 0.0
20 540 0.0
10 547 -0.9999999999999993
13 554 0.0
15 561 4.000000000000001
16 568 0.0
19 575 0.0
21 580 -0.9999999999999993
22 585 -1.000000000000001
10 592 -0.9999999999999981
11 599 -1.0000000000000044
15 606 0.0
16 613 4.0
17 620 0.0
22 627 -0.9999999999999991
23 634 -0.9999999999999982
11 641 -0.9999999999999982
12 648 -0.9999999999999991
16 655 0.0
17 662 4.0
18 669 0.0
23 674 -1.0000000000000049
24 679 -0.9999999999999978
12 686 -1.0000000000000007
14 693 0.0
17 700 0.0
18 707 3.9999999999999996
20 714 0.0
24 721 -0.9999999999999991
25 728 -1.0000000000000007
13 735 0.0
15 742 0.0
19 749 1.0
21 756 0.0
26 763 0.0
14 770 0.0
18 775 0.0
20 780 1.0
25 787 0.0
27 794 0.0
15 801 -0.9999999999999993
19 808 0.0
21 815 4.000000000000001
22 822 0.0
26 829 0.0
28 836 -0.9999999999999993
29 843 -1.000000000000001
15 850 -1.000000000000001
16 857 -0.9999999999999991
21 864 0.0
22 871 4.0
23 878 0.0
29 883 -0.9999999999999991
30 888 -1.0000000000000009
16 895 -0.9999999999999982
17 902 -1.0000000000000049
22 909 0.0
23 916 3.9999999999999996
24 923 0.0
30 930 -0.9999999999999991
31 937 -0.9999999999999977
17 944 -0.9999999999999978
18 951 -0.9999999999999991
23 958 0.0
24 965 4.0
25 972 0.0
31 979 -1.0000000000000049
32 986 -0.9999999999999978
18 993 -1.0000000000000007
20 998 0.0
24 1003 0.0
25 1010 4.0
27 1017 0.0
32 1024 -0.9999999999999988
33 1031 -1.0000000000000013
19 1038 0.0
21 1045 0.0
26 1052 1.0
28 1059 0.0
34 1066 0.0
20 1073 0.0
25 1080 0.0
27 1087 1.0
33 1094 0.0
35 1101 0.0
21 1108 -0.9999999999999993
26 1115 0.0
28 1120 4.000000000000001
29 1125 0.0
34 1132 0.0
36 1139 -0.9999999999999993
37 1146 -1.000000000000001
21 1153 -1.000000000000001
22 1160 -0.9999999999999991
28 1167 0.0
29 1174 4.0
30 1181 0.0
37 1188 -0.9999999999999991
38 1195 -1.0000000000000009
22 1202 -1.0000000000000009
23 1209 -0.9999999999999991
29 1216 0.0
30 1223 4.0
31 1230 0.0
38 1237 -0.9999999999999991
39 1244 -1.0000000000000007
23 1249 -0.9999999999999977
24 1254 -1.0000000000000049
30 1261 0.0
31 1268 3.9999999999999996
32 1275 0.0
39 1282 -0.9999999999999991
40 1289 -0.9999999999999977
24 1296 -0.9999999999999978
25 1303 -0.9999999999999988
31 1310 0.0
32 1317 4.0
33 1324 0.0
40 1331 -1.0000000000000047
41 1338 -0.9999999999999986
25 1345 -1.0000000000000013
27 1352 0.0
32 1359 0.0
33 1366 4.0
35 1373 0.0
41 1380 -0.9999999999999993
42 1385 -1.0000000000000002
26 1390 0.0
28 1397 0.0
34 1404 1.0
36 1411 0.0
43 1418 0.0
27 1425 0.0
33 1432 0.0
35 1439 1.0
42 1446 0.0
44 1453 0.0
28 1460 -0.9999999999999993
34 1467 0.0
36 1474 4.000000000000001
37 1481 0.0
43 1488 0.0
45 1495 -0.9999999999999993
46 1502 -1.000000000000001
28 1509 -1.000000000000001
29 1516 -0.9999999999999991
36 1523 0.0
37 1528 4.0
38 1533 0.0
46 1540 -0.9999999999999991
47 1547 -1.0000000000000009
29 1554 -1.0000000000000009
30 1561 -0.9999999999999991
37 1568 0.0
38 1575 4.0
39 1582 0.0
47 1589 -0.9999999999999991
48 1596 -1.0000000000000007
30 1603 -1.0000000000000007
31 1610 -0.9999999999999991
38 1617 0.0
39 1624 3.9999999999999996
40 1631 0.0
48 1638 -0.9999999999999991
49 1645 -1.0000000000000007
31 1652 -0.9999999999999977
32 1659 -1.0000000000000047
39 1666 0.0
40 1673 4.0
41 1678 0.0
49 1683 -0.9999999999999988
50 1690 -0.9999999999999987
32 1697 -0.9999999999999986
33 1704 -0.9999999999999993
40 1711 0.0
41 1718 4.0
42 1725 0.0
50 1732 -1.0000000000000049
51 1739 -0.9999999999999974
33 1746 -1.0000000000000002
35 1753 0.0
41 1760 0.0
42 1767 4.0
44 1774 0.0
51 1781 -0.9999999999999993
52 1788 -1.0000000000000013
34 1795 0.0
36 1802 0.0
43 1809 1.0
45 1816 0.0
53 1823 0.0
35 1830 0.0
42 1835 0.0
44 1840 1.0
52 1847 0.0
54 1854 0.0
36 1861 -0.9999999999999993
43 1868 0.0
45 1875 4.000000000000001
46 1882 0.0
53 1889 0.0
55 1896 -1.0000000000000047
56 1903 -0.9999999999999983
36 1910 -1.000000000000001
37 1917 -0.9999999999999991
45 1924 0.0
46 1931 4.0
47 1938 0.0
56 1945 -0.9999999999999991
57 1952 -1.0000000000000009
37 1959 -1.0000000000000009
38 1966 -0.9999999999999991
46 1973 0.0
47 1980 4.0
48 1987 0.0
57 1994 -0.9999999999999991
58 1999 -1.0000000000000007
38 2004 -1.0000000000000007
39 2011 -0.9999999999999991
47 2018 0.0
48 2025 3.9999999999999996
49 2032 0.0
58 2039 -0.9999999999999991
59 2046 -1.0000000000000007
39 2053 -1.0000000000000007
40 2060 -0.9999999999999988
48 2067 0.0
49 2074 4.0
50 2081 0.0
59 2088 -0.9999999999999988
60 2095 -1.0000000000000013
40 2102 -0.9999999999999987
41 2109 -1.0000000000000049
49 2116 0.0
50 2123 4.0
51 2130 0.0
60 2137 -0.9999999999999993
61 2144 -0.9999999999999974
41 2151 -0.9999999999999974
42 2158 -0.9999999999999993
50 2165 0.0
51 2170 4.000000000000001
52 2175 0.0
61 2182 -1.0000000000000049
62 2189 -0.9999999999999986
42 2196 -1.0000000000000013
44 2203 0.0
51 2210 0.0
52 2217 3.999999999999999
54 2224 0.0
62 2231 -0.9999999999999984
63 2238 -1.0000000000000013
43 2245 0.0
45 2252 0.0
53 2259 1.0
55 2266 0.0
64 2273 0.0
44 2280 0.0
52 2287 0.0
54 2294 1.0
63 2301 0.0
65 2308 0.0
45 2315 -1.0000000000000047
53 2322 0.0
55 2329 4.0
56 2336 0.0
64 2343 0.0
66 2348 -0.9999999999999993
67 2353 -0.9999999999999981
45 2360 -0.9999999999999983
46 2367 -0.9999999999999991
55 2374 0.0
56 2381 4.0
57 2388 0.0
67 2395 -1.0000000000000044
68 2402 -0.9999999999999982
46 2409 -1.0000000000000009
47 2416 -0.9999999999999991
56 2423 0.0
57 2430 4.0
58 2437 0.0
68 2444 -0.9999999999999991
69 2451 -1.0000000000000007
47 2458 -1.0000000000000007
48 2465 -0.9999999999999991
57 2472 0.0
58 2479 3.9999999999999996
59 2486 0.0
69 2493 -0.9999999999999991
70 2500 -1.0000000000000007
48 2507 -1.0000000000000007
49 2514 -0.9999999999999988
58 2521 0.0
59 2528 4.0
60 2533 0.0
70 2538 -0.9999999999999988
71 2545 -1.0000000000000013
49 2552 -1.0000000000000013
50 2559 -0.9999999999999993
59 2566 0.0
60 2573 4.0
61 2580 0.0
71 2587 -0.9999999999999993
72 2594 -1.0000000000000002
50 2601 -0.9999999999999974
51 2608 -1.0000000000000049
60 2615 0.0
61 2622 4.000000000000001
62 2629 0.0
72 2636 -0.9999999999999993
73 2643 -0.9999999999999987
51 2650 -0.9999999999999986
52 2657 -0.9999999999999984
61 2664 0.0
62 2671 4.0
63 2678 0.0
73 2685 -1.000000000000004
74 2692 -0.9999999999999986
52 2699 -1.0000000000000013
54 2706 0.0
62 2713 0.0
63 2720 4.0
65 2725 0.0
74 2730 -0.9999999999999993
75 2737 -1.0000000000000002
53 2744 0.0
55 2751 0.0
64 2758 1.0
66 2765 0.0
76 2772 0.0
54 2779 0.0
63 2786 0.0
65 2793 1.0
75 2800 0.0
77 2807 0.0
55 2814 -0.9999999999999993
64 2821 0.0
66 2828 4.000000000000001
67 2835 0.0
76 2842 0.0
78 2849 -0.9999999999999993
79 2856 -1.000000000000001
55 2863 -0.9999999999999981
56 2870 -1.0000000000000044
66 2877 0.0
67 2884 4.0
68 2891 0.0
79 2898 -0.9999999999999991
80 2905 -0.9999999999999982
56 2912 -0.9999999999999982
57 2919 -0.9999999999999991
67 2924 0.0
68 2929 4.0
69 2936 0.0
80 2943 -1.0000000000000049
81 2950 -0.9999999999999978
57 2957 -1.0000000000000007
58 2964 -0.9999999999999991
68 2971 0.0
69 2978 3.9999999999999996
70 2985 0.0
81 2992 -0.9999999999999991
82 2999 -1.0000000000000007
58 3006 -1.0000000000000007
59 3013 -0.9999999999999988
69 3020 0.0
70 3027 4.0
71 3034 0.0
82 3041 -0.9999999999999988
83 3048 -1.0000000000000013
59 3055 -1.0000000000000013
60 3062 -0.9999999999999993
70 3069 0.0
71 3076 4.0
72 3083 0.0
83 3090 -0.9999999999999993
84 3097 -1.0000000000000002
60 3104 -1.0000000000000002
61 3111 -0.9999999999999993
71 3118 0.0
72 3125 4.0
73 3130 0.0
84 3135 -0.9999999999999993
85 3142 -1.0000000000000013
61 3149 -0.9999999999999987
62 3156 -1.000000000000004
72 3163 0.0
73 3170 4.0
74 3177 0.0
85 3184 -0.9999999999999984
86 3191 -0.9999999999999987
62 3198 -0.9999999999999986
63 3205 -0.9999999999999993
73 3212 0.0
74 3219 4.0
75 3226 0.0
86 3233 -1.0000000000000049
87 3240 -0.9999999999999974
63 3247 -1.0000000000000002
65 3254 0.0
74 3261 0.0
75 3268 4.0
77 3275 0.0
87 3282 -0.9999999999999993
88 3289 -1.0000000000000013
64 3296 0.0
66 3303 0.0
76 3310 1.0
78 3317 0.0
89 3324 0.0
65 3331 0.0
75 3338 0.0
77 3343 1.0
88 3348 0.0
90 3355 0.0
66 3362 -0.9999999999999993
76 3369 0.0
78 3376 4.000000000000001
79 3383 0.0
89 3390 0.0
91 3397 -0.9999999999999993
92 3404 -1.000000000000001
66 3411 -1.000000000000001
67 3418 -0.9999999999999991
78 3425 0.0
79 3432 4.0
80 3439 0.0
92 3446 -0.9999999999999991
93 3453 -1.0000000000000009
67 3460 -0.9999999999999982
68 3467 -1.0000000000000049
79 3474 0.0
80 3481 3.9999999999999996
81 3488 0.0
93 3495 -0.9999999999999991
94 3502 -0.9999999999999977
68 3509 -0.9999999999999978
69 3516 -0.9999999999999991
80 3523 0.0
81 3530 4.0
82 3537 0.0
94 3544 -1.0000000000000049
95 3551 -0.9999999999999978
69 3558 -1.0000000000000007
70 3563 -0.9999999999999988
81 3568 0.0
82 3575 4.0
83 3582 0.0
95 3589 -0.9999999999999988
96 3596 -1.0000000000000013
70 3603 -1.0000000000000013
71 3610 -0.9999999999999993
82 3617 0.0
83 3624 4.0
84 3631 0.0
96 3638 -0.9999999999999993
97 3645 -1.0000000000000002
71 3652 -1.0000000000000002
72 3659 -0.9999999999999993
83 3666 0.0
84 3673 4.0
85 3680 0.0
97 3687 -0.9999999999999993
98 3694 -1.0000000000000013
72 3701 -1.0000000000000013
73 3708 -0.9999999999999984
84 3715 0.0
85 3722 3.999999999999999
86 3729 0.0
98 3736 -0.9999999999999984
99 3743 -1.0000000000000013
73 3750 -0.9999999999999987
74 3757 -1.0000000000000049
85 3764 0.0
86 3771 4.0
87 3778 0.0
99 3785 -0.9999999999999993
100 3790 -0.9999999999999974
74 3795 -0.9999999999999974
75 3802 -0.9999999999999993
86 3809 0.0
87 3816 4.000000000000001
88 3823 0.0
100 3830 -1.0000000000000049
101 3837 -0.9999999999999986
75 3844 -1.0000000000000013
77 3851 0.0
87 3858 0.0
88 3865 3.999999999999999
90 3872 0.0
101 3879 -0.9999999999999984
102 3886 -1.0000000000000013
76 3893 0.0
78 3900 0.0
89 3907 1.0
91 3914 0.0
103 3921 0.0
77 3928 0.0
88 3935 0.0
90 3942 1.0
102 3949 0.0
104 3956 0.0
78 3963 -0.9999999999999993
89 3970 0.0
91 3977 4.000000000000001
92 3984 0.0
103 3991 0.0
105 3998 -0.9999999999999993
106 4005 -1.000000000000001
78 4012 -1.000000000000001
79 4019 -0.9999999999999991
91 4024 0.0
92 4029 4.0
93 4036 0.0
106 4043 -0.9999999999999991
107 4050 -1.0000000000000009
79 4057 -1.0000000000000009
80 4064 -0.9999999999999991
92 4071 0.0
93 4078 4.0
94 4085 0.0
107 4092 -0.9999999999999991
108 4099 -1.0000000000000007
80 4106 -0.9999999999999977
81 4113 -1.0000000000000049
93 4120 0.0
94 4127 3.9999999999999996
95 4134 0.0
108 4141 -0.9999999999999991
109 4148 -0.9999999999999977
81 4155 -0.9999999999999978
82 4162 -0.9999999999999988
94 4169 0.0
95 4176 4.0
96 4183 0.0
109 4190 -1.0000000000000047
110 4197 -0.9999999999999986
82 4204 -1.0000000000000013
83 4211 -0.9999999999999993
95 4218 0.0
96 4225 4.0
97 4232 0.0
110 4239 -0.9999999999999993
111 4246 -1.0000000000000002
83 4253 -1.0000000000000002
84 4260 -0.9999999999999993
96 4265 0.0
97 4270 4.0
98 4277 0.0
111 4284 -0.9999999999999993
112 4291 -1.0000000000000013
84 4298 -1.0000000000000013
85 4305 -0.9999999999999984
97 4312 0.0
98 4319 3.999999999999999
99 4326 0.0
112 4333 -0.9999999999999984
113 4340 -1.0000000000000013
85 4347 -1.0000000000000013
86 4354 -0.9999999999999993
98 4361 0.0
99 4368 4.0
100 4375 0.0
113 4382 -0.9999999999999993
114 4389 -1.0000000000000002
86 4396 -0.9999999999999974
87 4403 -1.0000000000000049
99 4410 0.0
100 4417 4.000000000000001
101 4424 0.0
114 4431 -0.9999999999999993
115 4438 -0.9999999999999987
87 4445 -0.9999999999999986
88 4452 -0.9999999999999984
100 4459 0.0
101 4466 4.0
102 4473 0.0
115 4480 -1.000000000000004
116 4487 -0.9999999999999986
88 4494 -1.0000000000000013
90 4501 0.0
101 4508 0.0
102 4513 4.0
104 4518 0.0
116 4525 -0.9999999999999993
117 4532 -1.0000000000000002
89 4539 0.0
91 4546 0.0
103 4553 1.0
105 4560 0.0
118 4567 0.0
90 4574 0.0
102 4581 0.0
104 4588 1.0
117 4595 0.0
119 4602 0.0
91 4609 -0.9999999999999993
103 4616 0.0
105 4623 4.000000000000001
106 4630 0.0
118 4637 0.0
120 4644 -0.9999999999999993
121 4651 -1.000000000000001
91 4658 -1.000000000000001
92 4665 -0.9999999999999991
105 4672 0.0
106 4679 4.0
107 4686 0.0
121 4693 -0.9999999999999991
122 4700 -1.0000000000000009
92 4707 -1.0000000000000009
93 4714 -0.9999999999999991
106 4721 0.0
107 4728 4.0
108 4735 0.0
122 4742 -0.9999999999999991
123 4749 -1.0000000000000007
93 4756 -1.0000000000000007
94 4763 -0.9999999999999991
107 4768 0.0
108 4773 3.9999999999999996
109 4780 0.0
123 4787 -0.9999999999999991
124 4794 -1.0000000000000007
94 4801 -0.9999999999999977
95 4808 -1.0000000000000047
108 4815 0.0
109 4822 4.0
110 4829 0.0
124 4836 -0.9999999999999988
125 4843 -0.9999999999999987
95 4850 -0.9999999999999986
96 4857 -0.9999999999999993
109 4864 0.0
110 4871 4.0
111 4878 0.0
125 4885 -1.0000000000000049
126 4892 -0.9999999999999974
96 4899 -1.0000000000000002
97 4906 -0.9999999999999993
110 4913 0.0
111 4920 4.0
112 4927 0.0
126 4934 -0.9999999999999993
127 4941 -1.0000000000000013
97 4948 -1.0000000000000013
98 4955 -0.9999999999999984
111 4962 0.0
112 4969 3.999999999999999
113 4976 0.0
127 4983 -0.9999999999999984
128 4990 -1.0000000000000013
98 4997 -1.0000000000000013
99 5004 -0.9999999999999993
112 5011 0.0
113 5018 4.0
114 5025 0.0
128 5030 -0.9999999999999993
129 5035 -1.0000000000000002
99 5042 -1.0000000000000002
100 5049 -0.9999999999999993
113 5056 0.0
114 5063 4.0
115 5070 0.0
129 5077 -0.9999999999999993
130 5084 -1.0000000000000013
100 5091 -0.9999999999999987
101 5098 -1.000000000000004
114 5105 0.0
115 5112 4.0
116 5119 0.0
130 5126 -0.9999999999999984
131 5133 -0.9999999999999987
101 5140 -0.9999999999999986
102 5147 -0.9999999999999993
115 5154 0.0
116 5161 4.0
117 5168 0.0
131 5175 -1.0000000000000049
132 5182 -0.9999999999999974
102 5189 -1.0000000000000002
104 5196 0.0
116 5203 0.0
117 5210 4.000000000000001
119 5217 0.0
132 5224 -1.0000000000000002
133 5231 -1.0000000000000002
103 5238 0.0
105 5245 0.0
118 5252 1.0
120 5259 0.0
134 5266 0.0
104 5273 0.0
117 5280 0.0
119 5287 1.0
133 5294 0.0
135 5299 0.0
105 5304 -0.9999999999999993
118 5311 0.0
120 5318 4.000000000000001
121 5325 0.0
134 5332 0.0
136 5339 -1.0000000000000047
137 5346 -0.9999999999999983
105 5353 -1.000000000000001
106 5360 -0.9999999999999991
120 5367 0.0
121 5374 4.0
122 5381 0.0
137 5388 -0.9999999999999991
138 5395 -1.0000000000000009
106 5402 -1.0000000000000009
107 5409 -0.9999999999999991
121 5416 0.0
122 5423 4.0
123 5430 0.0
138 5437 -0.9999999999999991
139 5444 -1.0000000000000007
107 5451 -1.0000000000000007
108 5458 -0.9999999999999991
122 5465 0.0
123 5472 3.9999999999999996
124 5479 0.0
139 5486 -0.9999999999999991
140 5493 -1.0000000000000007
108 5500 -1.0000000000000007
109 5507 -0.9999999999999988
123 5514 0.0
124 5521 4.0
125 5528 0.0
140 5535 -0.9999999999999988
141 5542 -1.0000000000000013
109 5549 -0.9999999999999987
110 5556 -1.0000000000000049
124 5563 0.0
125 5570 4.0
126 5575 0.0
141 5580 -0.9999999999999993
142 5587 -0.9999999999999974
110 5594 -0.9999999999999974
111 5601 -0.9999999999999993
125 5608 0.0
126 5615 4.000000000000001
127 5622 0.0
142 5629 -1.0000000000000049
143 5636 -0.9999999999999986
111 5643 -1.0000000000000013
112 5650 -0.9999999999999984
126 5657 0.0
127 5664 3.999999999999999
128 5671 0.0
143 5678 -0.9999999999999984
144 5685 -1.0000000000000013
112 5692 -1.0000000000000013
113 5699 -0.9999999999999993
127 5706 0.0
128 5713 4.0
129 5720 0.0
144 5727 -0.9999999999999993
145 5734 -1.0000000000000002
113 5741 -1.0000000000000002
114 5748 -0.9999999999999993
128 5755 0.0
129 5762 4.0
130 5769 0.0
145 5776 -0.9999999999999993
146 5783 -1.0000000000000013
114 5790 -1.0000000000000013
115 5797 -0.9999999999999984
129 5804 0.0
130 5811 3.999999999999999
131 5818 0.0
146 5825 -0.9999999999999984
147 5832 -1.0000000000000013
115 5839 -0.9999999999999987
116 5846 -1.0000000000000049
130 5853 0.0
131 5858 4.0
132 5863 0.0
147 5870 -0.9999999999999993
148 5877 -0.9999999999999974
116 5884 -0.9999999999999974
117 5891 -1.0000000000000002
131 5898 0.0
132 5905 4.000000000000001
133 5912 0.0
148 5919 -1.0000000000000058
149 5926 -0.9999999999999974
117 5933 -1.0000000000000002
119 5940 0.0
132 5947 0.0
133 5954 4.0
135 5961 0.0
149 5968 -0.9999999999999987
150 5975 -1.0000000000000027
118 5982 0.0
120 5989 0.0
134 5996 1.0
136 6003 0.0
151 6010 0.0
119 6017 0.0
133 6024 0.0
135 6031 1.0
150 6038 0.0
152 6045 0.0
120 6052 -1.0000000000000047
134 6059 0.0
136 6066 4.0
137 6073 0.0
151 6080 0.0
153 6087 -0.9999999999999993
154 6094 -0.9999999999999981
120 6101 -0.9999999999999983
121 6108 -0.9999999999999991
136 6115 0.0
137 6122 4.0
138 6129 0.0
154 6136 -1.0000000000000044
155 6143 -0.9999999999999982
121 6148 -1.0000000000000009
122 6153 -0.9999999999999991
137 6160 0.0
138 6167 4.0
139 6174 0.0
155 6181 -0.9999999999999991
156 6188 -1.0000000000000007
122 6195 -1.0000000000000007
123 6202 -0.9999999999999991
138 6209 0.0
139 6216 3.9999999999999996
140 6223 0.0
156 6230 -0.9999999999999991
157 6237 -1.0000000000000007
123 6244 -1.0000000000000007
124 6251 -0.9999999999999988
139 6258 0.0
140 6265 4.0
141 6272 0.0
157 6279 -0.9999999999999988
158 6286 -1.0000000000000013
124 6293 -1.0000000000000013
125 6300 -0.9999999999999993
140 6307 0.0
141 6314 4.0
142 6321 0.0
158 6328 -0.9999999999999993
159 6335 -1.0000000000000002
125 6342 -0.9999999999999974
126 6349 -1.0000000000000049
141 6356 0.0
142 6363 4.000000000000001
143 6370 0.0
159 6377 -0.9999999999999993
160 6384 -0.9999999999999987
126 6391 -0.9999999999999986
127 6398 -0.9999999999999984
142 6405 0.0
143 6412 4.0
144 6419 0.0
160 6426 -1.000000000000004
161 6433 -0.9999999999999986
127 6440 -1.0000000000000013
128 6445 -0.9999999999999993
143 6450 0.0
144 6457 4.0
145 6464 0.0
161 6471 -0.9999999999999993
162 6478 -1.0000000000000002
128 6485 -1.0000000000000002
129 6492 -0.9999999999999993
144 6499 0.0
145 6506 4.0
146 6513 0.0
162 6520 -0.9999999999999993
163 6527 -1.0000000000000013
129 6534 -1.0000000000000013
130 6541 -0.9999999999999984
145 6548 0.0
146 6555 3.999999999999999
147 6562 0.0
163 6569 -0.9999999999999984
164 6576 -1.0000000000000013
130 6583 -1.0000000000000013
131 6590 -0.9999999999999993
146 6597 0.0
147 6604 4.0
148 6611 0.0
164 6618 -0.9999999999999993
165 6625 -1.0000000000000002
131 6632 -0.9999999999999974
132 6639 -1.0000000000000058
147 6646 0.0
148 6653 4.000000000000001
149 6660 0.0
165 6667 -1.0000000000000002
166 6674 -0.9999999999999974
132 6681 -0.9999999999999974
133 6688 -0.9999999999999987
148 6695 0.0
149 6702 4.000000000000001
150 6709 0.0
166 6716 -1.0000000000000044
167 6723 -1.0
133 6730 -1.0000000000000027
135 6737 0.0
149 6744 0.0
150 6749 4.0
152 6754 0.0
167 6761 -0.9999999999999988
168 6768 -1.0000000000000002
134 6775 0.0
136 6782 0.0
151 6789 1.0
153 6796 0.0
169 6803 0.0
135 6810 0.0
150 6817 0.0
152 6824 1.0
168 6831 0.0
170 6838 0.0
136 6845 -0.9999999999999993
151 6852 0.0
153 6859 4.000000000000001
154 6866 0.0
169 6873 0.0
171 6880 -0.9999999999999993
172 6887 -1.000000000000001
136 6894 -0.9999999999999981
137 6901 -1.0000000000000044
153 6908 0.0
154 6915 4.0
155 6922 0.0
172 6929 -0.9999999999999991
173 6936 -0.9999999999999982
137 6943 -0.9999999999999982
138 6950 -0.9999999999999991
154 6957 0.0
155 6964 4.0
156 6971 0.0
173 6978 -1.0000000000000049
174 6985 -0.9999999999999978
138 6992 -1.0000000000000007
139 6999 -0.9999999999999991
155 7006 0.0
156 7013 3.9999999999999996
157 7020 0.0
174 7027 -0.9999999999999991
175 7034 -1.0000000000000007
139 7041 -1.0000000000000007
140 7048 -0.9999999999999988
156 7055 0.0
157 7060 4.0
158 7065 0.0
175 7072 -0.9999999999999988
176 7079 -1.0000000000000013
140 7086 -1.0000000000000013
141 7093 -0.9999999999999993
157 7100 0.0
158 7107 4.0
159 7114 0.0
176 7121 -0.9999999999999993
177 7128 -1.0000000000000002
141 7135 -1.0000000000000002
142 7142 -0.9999999999999993
158 7149 0.0
159 7156 4.0
160 7163 0.0
177 7170 -0.9999999999999993
178 7177 -1.0000000000000013
142 7184 -0.9999999999999987
143 7191 -1.000000000000004
159 7198 0.0
160 7205 4.0
161 7212 0.0
178 7219 -0.9999999999999984
179 7226 -0.9999999999999987
143 7233 -0.9999999999999986
144 7240 -0.9999999999999993
160 7247 0.0
161 7254 4.0
162 7261 0.0
179 7268 -1.0000000000000049
180 7275 -0.9999999999999974
144 7282 -1.0000000000000002
145 7289 -0.9999999999999993
161 7296 0.0
162 7303 4.0
163 7310 0.0
180 7317 -0.9999999999999993
181 7324 -1.0000000000000013
145 7331 -1.0000000000000013
146 7338 -0.9999999999999984
162 7345 0.0
163 7352 3.999999999999999
164 7359 0.0
181 7366 -0.9999999999999984
182 7373 -1.0000000000000013
146 7378 -1.0000000000000013
147 7383 -0.9999999999999993
163 7390 0.0
164 7397 4.0
165 7404 0.0
182 7411 -0.9999999999999993
183 7418 -1.0000000000000002
147 7425 -1.0000000000000002
148 7432 -1.0000000000000002
164 7439 0.0
165 7446 4.000000000000001
166 7453 0.0
183 7460 -1.0000000000000002
184 7467 -1.0000000000000002
148 7474 -0.9999999999999974
149 7481 -1.0000000000000044
165 7488 0.0
166 7495 4.0
167 7502 0.0
184 7509 -0.9999999999999987
185 7516 -1.0000000000000002
149 7523 -1.0
150 7530 -0.9999999999999988
166 7537 0.0
167 7544 4.0
168 7551 0.0
185 7558 -1.0000000000000044
186 7565 -0.9999999999999974
150 7572 -1.0000000000000002
152 7579 0.0
167 7586 0.0
168 7593 4.000000000000001
170 7600 0.0
186 7607 -1.0000000000000002
187 7614 -1.0000000000000002
151 7621 0.0
153 7628 0.0
169 7635 1.0
171 7642 0.0
188 7649 0.0
152 7656 0.0
168 7663 0.0
170 7670 1.0
187 7677 0.0
189 7684 0.0
153 7691 -0.9999999999999993
169 7698 0.0
171 7703 4.000000000000001
172 7708 0.0
188 7715 0.0
190 7722 -0.9999999999999993
191 7729 -1.000000000000001
153 7736 -1.000000000000001
154 7743 -0.9999999999999991
171 7750 0.0
172 7757 4.0
173 7764 0.0
191 7771 -0.9999999999999991
192 7778 -1.0000000000000009
154 7785 -0.9999999999999982
155 7792 -1.0000000000000049
172 7799 0.0
173 7806 3.9999999999999996
174 7813 0.0
192 7820 -0.9999999999999991
193 7827 -0.9999999999999977
155 7834 -0.9999999999999978
156 7841 -0.9999999999999991
173 7848 0.0
174 7855 4.0
175 7862 0.0
193 7869 -1.0000000000000049
194 7876 -0.9999999999999978
156 7883 -1.0000000000000007
157 7890 -0.9999999999999988
174 7897 0.0
175 7904 4.0
176 7911 0.0
194 7918 -0.9999999999999988
195 7925 -1.0000000000000013
157 7932 -1.0000000000000013
158 7939 -0.9999999999999993
175 7946 0.0
176 7953 4.0
177 7960 0.0
195 7967 -0.9999999999999993
196 7974 -1.0000000000000002
158 7981 -1.0000000000000002
159 7988 -0.9999999999999993
176 7995 0.0
177 8002 4.0
178 8009 0.0
196 8016 -0.9999999999999993
197 8023 -1.0000000000000013
159 8030 -1.0000000000000013
160 8035 -0.9999999999999984
177 8040 0.0
178 8047 3.999999999999999
179 8054 0.0
197 8061 -0.9999999999999984
198 8068 -1.0000000000000013
160 8075 -0.9999999999999987
161 8082 -1.0000000000000049
178 8089 0.0
179 8096 4.0
180 8103 0.0
198 8110 -0.9999999999999993
199 8117 -0.9999999999999974
161 8124 -0.9999999999999974
162 8131 -0.9999999999999993
179 8138 0.0
180 8145 4.000000000000001
181 8152 0.0
199 8159 -1.0000000000000049
200 8166 -0.9999999999999986
162 8173 -1.0000000000000013
163 8180 -0.9999999999999984
180 8187 0.0
181 8194 3.999999999999999
182 8201 0.0
200 8208 -0.9999999999999984
201 8215 -1.0000000000000013
163 8222 -1.0000000000000013
164 8229 -0.9999999999999993
181 8236 0.0
182 8243 4.0
183 8250 0.0
201 8257 -0.9999999999999993
202 8264 -1.0000000000000002
164 8271 -1.0000000000000002
165 8278 -1.0000000000000002
182 8285 0.0
183 8292 4.000000000000001
184 8299 0.0
202 8306 -1.0000000000000002
203 8313 -1.0000000000000002
165 8320 -1.0000000000000002
166 8327 -0.9999999999999987
183 8334 0.0
184 8341 4.0
185 8348 0.0
203 8355 -0.9999999999999987
204 8362 -1.0000000000000027
166 8369 -1.0000000000000002
167 8374 -1.0000000000000044
184 8379 0.0
185 8386 4.000000000000001
186 8393 0.0
204 8400 -0.9999999999999988
205 8407 -0.9999999999999974
167 8414 -0.9999999999999974
168 8421 -1.0000000000000002
185 8428 0.0
186 8435 4.000000000000001
187 8442 0.0
205 8449 -1.0000000000000058
206 8456 -0.9999999999999974
168 8463 -1.0000000000000002
170 8470 0.0
186 8477 0.0
187 8484 4.0
189 8491 0.0
206 8498 -0.9999999999999987
207 8505 -1.0000000000000027
169 8512 0.0
171 8519 0.0
188 8526 1.0
190 8533 0.0
208 8540 0.0
170 8547 0.0
187 8554 0.0
189 8561 1.0
207 8568 0.0
209 8575 0.0
171 8582 -0.9999999999999993
188 8589 0.0
190 8596 4.000000000000001
191 8603 0.0
208 8610 0.0
210 8617 -0.9999999999999993
211 8624 -1.000000000000001
171 8631 -1.000000000000001
172 8638 -0.9999999999999991
190 8645 0.0
191 8652 4.0
192 8659 0.0
211 8666 -0.9999999999999991
212 8673 -1.0000000000000009
172 8680 -1.0000000000000009
173 8687 -0.9999999999999991
191 8694 0.0
192 8701 4.0
193 8708 0.0
212 8715 -0.9999999999999991
213 8720 -1.0000000000000007
173 8725 -0.9999999999999977
174 8732 -1.0000000000000049
192 8739 0.0
193 8746 3.9999999999999996
194 8753 0.0
213 8760 -0.9999999999999991
214 8767 -0.9999999999999977
174 8774 -0.9999999999999978
175 8781 -0.9999999999999988
193 8788 0.0
194 8795 4.0
195 8802 0.0
214 8809 -1.0000000000000047
215 8816 -0.9999999999999986
175 8823 -1.0000000000000013
176 8830 -0.9999999999999993
194 8837 0.0
195 8844 4.0
196 8851 0.0
215 8858 -0.9999999999999993
216 8865 -1.0000000000000002
176 8872 -1.0000000000000002
177 8879 -0.9999999999999993
195 8886 0.0
196 8893 4.0
197 8900 0.0
216 8907 -0.9999999999999993
217 8914 -1.0000000000000013
177 8921 -1.0000000000000013
178 8928 -0.9999999999999984
196 8935 0.0
197 8942 3.999999999999999
198 8949 0.0
217 8956 -0.9999999999999984
218 8963 -1.0000000000000013
178 8970 -1.0000000000000013
179 8977 -0.9999999999999993
197 8984 0.0
198 8991 4.0
199 8998 0.0
218 9005 -0.9999999999999993
219 9012 -1.0000000000000002
179 9019 -0.9999999999999974
180 9026 -1.0000000000000049
198 9033 0.0
199 9040 4.000000000000001
200 9047 0.0
219 9054 -0.9999999999999993
220 9061 -0.9999999999999987
180 9068 -0.9999999999999986
181 9072 -0.9999999999999984
199 9076 0.0
200 9081 4.0
201 9088 0.0
220 9095 -1.000000000000004
221 9102 -0.9999999999999986
181 9109 -1.0000000000000013
182 9116 -0.9999999999999993
200 9123 0.0
201 9130 4.0
202 9137 0.0
221 9144 -0.9999999999999993
222 9151 -1.0000000000000002
182 9158 -1.0000000000000002
183 9165 -1.0000000000000002
201 9172 0.0
202 9179 4.000000000000001
203 9186 0.0
222 9193 -1.0000000000000002
223 9200 -1.0000000000000002
183 9207 -1.0000000000000002
184 9214 -0.9999999999999987
202 9221 0.0
203 9228 4.0
204 9235 0.0
223 9242 -0.9999999999999987
224 9249 -1.0000000000000027
184 9256 -1.0000000000000027
185 9263 -0.9999999999999988
203 9270 0.0
204 9277 4.0
205 9284 0.0
224 9291 -0.9999999999999988
225 9298 -1.0000000000000002
185 9305 -0.9999999999999974
186 9312 -1.0000000000000058
204 9319 0.0
205 9326 4.000000000000001
206 9333 0.0
225 9340 -1.0000000000000002
226 9347 -0.9999999999999974
186 9354 -0.9999999999999974
187 9361 -0.9999999999999987
205 9368 0.0
206 9375 4.000000000000001
207 9382 0.0
226 9389 -1.0000000000000044
227 9396 -1.0
187 9403 -1.0000000000000027
189 9410 0.0
206 9417 0.0
207 9422 4.0
209 9427 0.0
227 9434 -0.9999999999999988
228 9441 -1.0000000000000002
188 9448 0.0
190 9455 0.0
208 9462 1.0
210 9469 0.0
229 9476 0.0
189 9483 0.0
207 9490 0.0
209 9497 1.0
228 9504 0.0
230 9511 0.0
190 9518 -0.9999999999999993
208 9525 0.0
210 9532 4.000000000000001
211 9539 0.0
229 9546 0.0
231 9553 -0.9999999999999993
232 9560 -1.000000000000001
190 9567 -1.000000000000001
191 9574 -0.9999999999999991
210 9581 0.0
211 9588 4.0
212 9595 0.0
232 9602 -0.9999999999999991
233 9609 -1.0000000000000009
191 9616 -1.0000000000000009
192 9623 -0.9999999999999991
211 9630 0.0
212 9637 4.0
213 9644 0.0
233 9651 -0.9999999999999991
234 9658 -1.0000000000000007
192 9665 -1.0000000000000007
193 9672 -0.9999999999999991
212 9679 0.0
213 9686 3.9999999999999996
214 9693 0.0
234 9700 -0.9999999999999991
235 9707 -1.0000000000000007
193 9714 -0.9999999999999977
194 9721 -1.0000000000000047
213 9728 0.0
214 9735 4.0
215 9742 0.0
235 9749 -0.9999999999999988
236 9756 -0.9999999999999987
194 9761 -0.9999999999999986
195 9766 -0.9999999999999993
214 9773 0.0
215 9780 4.0
216 9787 0.0
236 9794 -1.0000000000000049
237 9801 -0.9999999999999974
195 9808 -1.0000000000000002
196 9815 -0.9999999999999993
215 9822 0.0
216 9829 4.0
217 9836 0.0
237 9843 -0.9999999999999993
238 9850 -1.0000000000000013
196 9857 -1.0000000000000013
197 9864 -0.9999999999999984
216 9871 0.0
217 9878 3.999999999999999
218 9885 0.0
238 9892 -0.9999999999999984
239 9899 -1.0000000000000013
197 9906 -1.0000000000000013
198 9913 -0.9999999999999993
217 9920 0.0
218 9927 4.0
219 9934 0.0
239 9941 -0.9999999999999993
240 9948 -1.0000000000000002
198 9955 -1.0000000000000002
199 9962 -0.9999999999999993
218 9969 0.0
219 9976 4.0
220 9983 0.0
240 9990 -0.9999999999999993
241 9997 -1.0000000000000013
199 10004 -0.9999999999999987
200 10011 -1.000000000000004
219 10018 0.0
220 10025 4.0
221 10032 0.0
241 10039 -0.9999999999999984
242 10046 -0.9999999999999987
200 10053 -0.9999999999999986
201 10060 -0.9999999999999993
220 10067 0.0
221 10074 4.0
222 10081 0.0
242 10088 -1.0000000000000049
243 10093 -0.9999999999999974
201 10098 -1.0000000000000002
202 10105 -1.0000000000000002
221 10112 0.0
222 10119 4.000000000000001
223 10126 0.0
243 10133 -1.0000000000000002
244 10140 -1.0000000000000002
202 10147 -1.0000000000000002
203 10154 -0.9999999999999987
222 10161 0.0
223 10168 4.0
224 10175 0.0
244 10182 -0.9999999999999987
245 10189 -1.0000000000000027
203 10196 -1.0000000000000027
204 10203 -0.9999999999999988
223 10210 0.0
224 10217 4.0
225 10224 0.0
245 10231 -0.9999999999999988
246 10238 -1.0000000000000002
204 10245 -1.0000000000000002
205 10252 -1.0000000000000002
224 10259 0.0
225 10266 4.000000000000001
226 10273 0.0
246 10280 -1.0000000000000002
247 10287 -1.0000000000000002
205 10294 -0.9999999999999974
206 10301 -1.0000000000000044
225 10308 0.0
226 10315 4.0
227 10322 0.0
247 10329 -0.9999999999999987
248 10336 -1.0000000000000002
206 10343 -1.0
207 10350 -0.9999999999999988
226 10357 0.0
227 10364 4.0
228 10371 0.0
248 10378 -1.0000000000000044
249 10385 -0.9999999999999974
207 10392 -1.0000000000000002
209 10399 0.0
227 10406 0.0
228 10413 4.000000000000001
230 10418 0.0
249 10423 -1.0000000000000002
250 10430 -1.0000000000000002
208 10437 0.0
210 10444 0.0
229 10451 1.0
231 10458 0.0
251 10465 0.0
209 10472 0.0
228 10479 0.0
230 10486 1.0
250 10493 0.0
252 10500 0.0
210 10507 -0.9999999999999993
229 10514 0.0
231 10521 4.000000000000001
232 10528 0.0
251 10535 0.0
253 10542 -0.9999999999999993
254 10549 -1.000000000000001
210 10556 -1.000000000000001
211 10563 -0.9999999999999991
231 10570 0.0
232 10577 4.0
233 10584 0.0
254 10591 -0.9999999999999991
255 10598 -1.0000000000000009
211 10605 -1.0000000000000009
212 10612 -0.9999999999999991
232 10619 0.0
233 10626 4.0
234 10633 0.0
255 10640 -0.9999999999999991
256 10647 -1.0000000000000007
212 10654 -1.0000000000000007
213 10661 -0.9999999999999991
233 10668 0.0
234 10675 3.9999999999999996
235 10682 0.0
256 10689 -0.9999999999999991
257 10696 -1.0000000000000007
213 10703 -1.0000000000000007
214 10710 -0.9999999999999988
234 10717 0.0
235 10724 4.0
236 10731 0.0
257 10736 -0.9999999999999988
258 10741 -1.0000000000000013
214 10748 -0.9999999999999987
215 10755 -1.0000000000000049
235 10762 0.0
236 10769 4.0
237 10776 0.0
258 10783 -0.9999999999999993
259 10790 -0.9999999999999974
215 10797 -0.9999999999999974
216 10804 -0.9999999999999993
236 10811 0.0
237 10818 4.000000000000001
238 10825 0.0
259 10832 -1.0000000000000049
260 10839 -0.9999999999999986
216 10846 -1.0000000000000013
217 10853 -0.9999999999999984
237 10860 0.0
238 10867 3.999999999999999
239 10874 0.0
260 10881 -0.9999999999999984
261 10888 -1.0000000000000013
217 10895 -1.0000000000000013
218 10902 -0.9999999999999993
238 10909 0.0
239 10916 4.0
240 10923 0.0
261 10930 -0.9999999999999993
262 10937 -1.0000000000000002
218 10944 -1.0000000000000002
219 10951 -0.9999999999999993
239 10958 0.0
240 10965 4.0
241 10972 0.0
262 10979 -0.9999999999999993
263 10986 -1.0000000000000013
219 10993 -1.0000000000000013
220 11000 -0.9999999999999984
240 11007 0.0
241 11014 3.999999999999999
242 11021 0.0
263 11028 -0.9999999999999984
264 11035 -1.0000000000000013
220 11042 -0.9999999999999987
221 11047 -1.0000000000000049
241 11052 0.0
242 11059 4.0
243 11066 0.0
264 11073 -0.9999999999999993
265 11080 -0.9999999999999974
221 11087 -0.9999999999999974
222 11094 -1.0000000000000002
242 11101 0.0
243 11108 4.000000000000001
244 11115 0.0
265 11122 -1.0000000000000058
266 11129 -0.9999999999999974
222 11136 -1.0000000000000002
223 11143 -0.9999999999999987
243 11150 0.0
244 11157 4.0
245 11164 0.0
266 11171 -0.9999999999999987
267 11178 -1.0000000000000027
223 11185 -1.0000000000000027
224 11192 -0.9999999999999988
244 11199 0.0
245 11206 4.0
246 11213 0.0
267 11220 -0.9999999999999988
268 11227 -1.0000000000000002
224 11234 -1.0000000000000002
225 11241 -1.0000000000000002
245 11248 0.0
246 11255 4.000000000000001
247 11262 0.0
268 11269 -1.0000000000000002
269 11276 -1.0000000000000002
225 11283 -1.0000000000000002
226 11290 -0.9999999999999987
246 11297 0.0
247 11304 4.0
248 11311 0.0
269 11318 -0.9999999999999987
270 11325 -1.0000000000000027
226 11332 -1.0000000000000002
227 11339 -1.0000000000000044
247 11346 0.0
248 11351 4.000000000000001
249 11356 0.0
270 11363 -0.9999999999999988
271 11370 -0.9999999999999974
227 11377 -0.9999999999999974
228 11384 -1.0000000000000002
248 11391 0.0
249 11398 4.000000000000001
250 11405 0.0
271 11412 -1.0000000000000058
272 11419 -0.9999999999999974
228 11426 -1.0000000000000002
230 11433 0.0
249 11440 0.0
250 11447 4.0
252 11454 0.0
272 11461 -0.9999999999999987
273 11468 -1.0000000000000027
229 11475 0.0
231 11482 0.0
251 11489 1.0
253 11496 0.0
274 11503 0.0
230 11510 0.0
250 11517 0.0
252 11524 1.0
273 11531 0.0
275 11538 0.0
231 11545 -0.9999999999999993
251 11552 0.0
253 11559 4.000000000000001
254 11566 0.0
274 11573 0.0
276 11580 -1.0000000000000047
277 11587 -0.9999999999999983
231 11594 -1.000000000000001
232 11601 -0.9999999999999991
253 11608 0.0
254 11615 4.0
255 11622 0.0
277 11629 -0.9999999999999991
278 11636 -1.0000000000000009
232 11643 -1.0000000000000009
233 11648 -0.9999999999999991
254 11653 0.0
255 11660 4.0
256 11667 0.0
278 11674 -0.9999999999999991
279 11681 -1.0000000000000007
233 11688 -1.0000000000000007
234 11695 -0.9999999999999991
255 11702 0.0
256 11709 3.9999999999999996
257 11716 0.0
279 11723 -0.9999999999999991
280 11730 -1.0000000000000007
234 11737 -1.0000000000000007
235 11744 -0.9999999999999988
256 11751 0.0
257 11758 4.0
258 11765 0.0
280 11772 -0.9999999999999988
281 11779 -1.0000000000000013
235 11786 -1.0000000000000013
236 11793 -0.9999999999999993
257 11800 0.0
258 11807 4.0
259 11814 0.0
281 11821 -0.9999999999999993
282 11828 -1.0000000000000002
236 11835 -0.9999999999999974
237 11842 -1.0000000000000049
258 11849 0.0
259 11856 4.000000000000001
260 11863 0.0
282 11870 -0.9999999999999993
283 11877 -0.9999999999999987
237 11884 -0.9999999999999986
238 11891 -0.9999999999999984
259 11898 0.0
260 11905 4.0
261 11912 0.0
283 11919 -1.000000000000004
284 11926 -0.9999999999999986
238 11933 -1.0000000000000013
239 11938 -0.9999999999999993
260 11943 0.0
261 11950 4.0
262 11957 0.0
284 11964 -0.9999999999999993
285 11971 -1.0000000000000002
239 11978 -1.0000000000000002
240 11985 -0.9999999999999993
261 11992 0.0
262 11999 4.0
263 12006 0.0
285 12013 -0.9999999999999993
286 12020 -1.0000000000000013
240 12027 -1.0000000000000013
241 12034 -0.9999999999999984
262 12041 0.0
263 12048 3.999999999999999
264 12055 0.0
286 12062 -0.9999999999999984
287 12069 -1.0000000000000013
241 12076 -1.0000000000000013
242 12083 -0.9999999999999993
263 12090 0.0
264 12097 4.0
265 12104 0.0
287 12111 -0.9999999999999993
288 12118 -1.0000000000000002
242 12125 -0.9999999999999974
243 12132 -1.0000000000000058
264 12139 0.0
265 12146 4.000000000000001
266 12153 0.0
288 12160 -1.0000000000000002
289 12167 -0.9999999999999974
243 12174 -0.9999999999999974
244 12181 -0.9999999999999987
265 12188 0.0
266 12195 4.000000000000001
267 12202 0.0
289 12209 -1.0000000000000044
290 12216 -1.0
244 12221 -1.0000000000000027
245 12226 -0.9999999999999988
266 12233 0.0
267 12240 4.0
268 12247 0.0
290 12254 -0.9999999999999988
291 12261 -1.0000000000000002
245 12268 -1.0000000000000002
246 12275 -1.0000000000000002
267 12282 0.0
268 12289 4.000000000000001
269 12296 0.0
291 12303 -1.0000000000000002
292 12310 -1.0000000000000002
246 12317 -1.0000000000000002
247 12324 -0.9999999999999987
268 12331 0.0
269 12338 4.0
270 12345 0.0
292 12352 -0.9999999999999987
293 12359 -1.0000000000000027
247 12366 -1.0000000000000027
248 12373 -0.9999999999999988
269 12380 0.0
270 12387 4.0
271 12394 0.0
293 12401 -0.9999999999999988
294 12408 -1.0000000000000002
248 12415 -0.9999999999999974
249 12422 -1.0000000000000058
270 12429 0.0
271 12436 4.000000000000001
272 12443 0.0
294 12450 -1.0000000000000002
295 12457 -0.9999999999999974
249 12464 -0.9999999999999974
250 12471 -0.9999999999999987
271 12478 0.0
272 12485 4.000000000000001
273 12492 0.0
295 12497 -1.0000000000000044
296 12502 -1.0
250 12509 -1.0000000000000027
252 12516 0.0
272 12523 0.0
273 12530 4.0
275 12537 0.0
296 12544 -0.9999999999999988
297 12551 -1.0000000000000002
251 12558 0.0
253 12565 0.0
274 12572 1.0
276 12579 0.0
298 12586 0.0
252 12593 0.0
273 12600 0.0
275 12607 1.0
297 12614 0.0
299 12621 0.0
253 12628 -1.0000000000000047
274 12635 0.0
276 12642 4.0
277 12649 0.0
298 12656 0.0
300 12663 -0.9999999999999993
301 12670 -0.9999999999999981
253 12677 -0.9999999999999983
254 12684 -0.9999999999999991
276 12691 0.0
277 12698 4.0
278 12705 0.0
301 12712 -1.0000000000000044
302 12719 -0.9999999999999982
254 12726 -1.0000000000000009
255 12733 -0.9999999999999991
277 12740 0.0
278 12747 4.0
279 12754 0.0
302 12761 -0.9999999999999991
303 12766 -1.0000000000000007
255 12771 -1.0000000000000007
256 12778 -0.9999999999999991
278 12785 0.0
279 12792 3.9999999999999996
280 12799 0.0
303 12806 -0.9999999999999991
304 12813 -1.0000000000000007
256 12820 -1.0000000000000007
257 12827 -0.9999999999999988
279 12834 0.0
280 12841 4.0
281 12848 0.0
304 12855 -0.9999999999999988
305 12862 -1.0000000000000013
257 12869 -1.0000000000000013
258 12876 -0.9999999999999993
280 12883 0.0
281 12890 4.0
282 12897 0.0
305 12904 -0.9999999999999993
306 12911 -1.0000000000000002
258 12918 -1.0000000000000002
259 12925 -0.9999999999999993
281 12932 0.0
282 12939 4.0
283 12946 0.0
306 12953 -0.9999999999999993
307 12960 -1.0000000000000013
259 12967 -0.9999999999999987
260 12974 -1.000000000000004
282 12981 0.0
283 12988 4.0
284 12995 0.0
307 13002 -0.9999999999999984
308 13009 -0.9999999999999987
260 13016 -0.9999999999999986
261 13023 -0.9999999999999993
283 13028 0.0
284 13033 4.0
285 13040 0.0
308 13047 -1.0000000000000049
309 13054 -0.9999999999999974
261 13061 -1.0000000000000002
262 13068 -0.9999999999999993
284 13075 0.0
285 13082 4.0
286 13089 0.0
309 13096 -0.9999999999999993
310 13103 -1.0000000000000013
262 13110 -1.0000000000000013
263 13117 -0.9999999999999984
285 13124 0.0
286 13131 3.999999999999999
287 13138 0.0
310 13145 -0.9999999999999984
311 13152 -1.0000000000000013
263 13159 -1.0000000000000013
264 13166 -0.9999999999999993
286 13173 0.0
287 13180 4.0
288 13187 0.0
311 13194 -0.9999999999999993
312 13201 -1.0000000000000002
264 13208 -1.0000000000000002
265 13215 -1.0000000000000002
287 13222 0.0
288 13229 4.000000000000001
289 13236 0.0
312 13243 -1.0000000000000002
313 13250 -1.0000000000000002
265 13257 -0.9999999999999974
266 13264 -1.0000000000000044
288 13271 0.0
289 13278 4.0
290 13283 0.0
313 13288 -0.9999999999999987
314 13295 -1.0000000000000002
266 13302 -1.0
267 13309 -0.9999999999999988
289 13316 0.0
290 13323 4.0
291 13330 0.0
314 13337 -1.0000000000000044
315 13344 -0.9999999999999974
267 13351 -1.0000000000000002
268 13358 -1.0000000000000002
290 13365 0.0
291 13372 4.000000000000001
292 13379 0.0
315 13386 -1.0000000000000002
316 13393 -1.0000000000000002
268 13400 -1.0000000000000002
269 13407 -0.9999999999999987
291 13414 0.0
292 13421 4.0
293 13428 0.0
316 13435 -0.9999999999999987
317 13442 -1.0000000000000027
269 13449 -1.0000000000000027
270 13456 -0.9999999999999988
292 13463 0.0
293 13470 4.0
294 13477 0.0
317 13484 -0.9999999999999988
318 13491 -1.0000000000000002
270 13498 -1.0000000000000002
271 13505 -1.0000000000000002
293 13512 0.0
294 13519 4.000000000000001
295 13526 0.0
318 13531 -1.0000000000000002
319 13536 -1.0000000000000002
271 13543 -0.9999999999999974
272 13550 -1.0000000000000044
294 13557 0.0
295 13564 4.0
296 13571 0.0
319 13578 -0.9999999999999987
320 13585 -1.0000000000000002
272 13592 -1.0
273 13599 -0.9999999999999988
295 13606 0.0
296 13613 4.0
297 13620 0.0
320 13627 -1.0000000000000044
321 13634 -0.9999999999999974
273 13641 -1.0000000000000002
275 13648 0.0
296 13655 0.0
297 13662 4.000000000000001
299 13669 0.0
321 13676 -1.0000000000000002
322 13683 -1.0000000000000002
274 13690 0.0
276 13697 0.0
298 13704 1.0
300 13711 0.0
323 13718 0.0
275 13725 0.0
297 13732 0.0
299 13739 1.0
322 13746 0.0
324 13753 0.0
276 13760 -0.9999999999999993
298 13767 0.0
300 13772 4.000000000000001
301 13777 0.0
323 13784 0.0
325 13791 -0.9999999999999993
326 13798 -1.000000000000001
276 13805 -0.9999999999999981
277 13812 -1.0000000000000044
300 13819 0.0
301 13826 4.0
302 13833 0.0
326 13840 -0.9999999999999991
327 13847 -0.9999999999999982
277 13854 -0.9999999999999982
278 13861 -0.9999999999999991
301 13868 0.0
302 13875 4.0
303 13882 0.0
327 13889 -1.0000000000000049
328 13896 -0.9999999999999978
278 13903 -1.0000000000000007
279 13910 -0.9999999999999991
302 13917 0.0
303 13924 3.9999999999999996
304 13931 0.0
328 13938 -0.9999999999999991
329 13945 -1.0000000000000007
279 13952 -1.0000000000000007
280 13959 -0.9999999999999988
303 13966 0.0
304 13973 4.0
305 13980 0.0
329 13987 -0.9999999999999988
330 13994 -1.0000000000000013
280 14001 -1.0000000000000013
281 14006 -0.9999999999999993
304 14011 0.0
305 14018 4.0
306 14025 0.0
330 14032 -0.9999999999999993
331 14039 -1.0000000000000002
281 14046 -1.0000000000000002
282 14053 -0.9999999999999993
305 14060 0.0
306 14067 4.0
307 14074 0.0
331 14081 -0.9999999999999993
332 14088 -1.0000000000000013
282 14095 -1.0000000000000013
283 14102 -0.9999999999999984
306 14109 0.0
307 14116 3.999999999999999
308 14123 0.0
332 14130 -0.9999999999999984
333 14137 -1.0000000000000013
283 14144 -0.9999999999999987
284 14151 -1.0000000000000049
307 14158 0.0
308 14165 4.0
309 14172 0.0
333 14179 -0.9999999999999993
334 14186 -0.9999999999999974
284 14193 -0.9999999999999974
285 14200 -0.9999999999999993
308 14207 0.0
309 14214 4.000000000000001
310 14221 0.0
334 14228 -1.0000000000000049
335 14233 -0.9999999999999986
285 14238 -1.0000000000000013
286 14245 -0.9999999999999984
309 14252 0.0
310 14259 3.999999999999999
311 14266 0.0
335 14273 -0.9999999999999984
336 14280 -1.0000000000000013
286 14287 -1.0000000000000013
287 14294 -0.9999999999999993
310 14301 0.0
311 14308 4.0
312 14315 0.0
336 14322 -0.9999999999999993
337 14329 -1.0000000000000002
287 14336 -1.0000000000000002
288 14343 -1.0000000000000002
311 14350 0.0
312 14357 4.000000000000001
313 14364 0.0
337 14371 -1.0000000000000002
338 14378 -1.0000000000000002
288 14385 -1.0000000000000002
289 14392 -0.9999999999999987
312 14399 0.0
313 14406 4.0
314 14413 0.0
338 14420 -0.9999999999999987
339 14427 -1.0000000000000027
289 14434 -1.0000000000000002
290 14441 -1.0000000000000044
313 14448 0.0
314 14453 4.000000000000001
315 14458 0.0
339 14465 -0.9999999999999988
340 14472 -0.9999999999999974
290 14479 -0.9999999999999974
291 14486 -1.0000000000000002
314 14493 0.0
315 14500 4.000000000000001
316 14507 0.0
340 14514 -1.0000000000000058
341 14521 -0.9999999999999974
291 14528 -1.0000000000000002
292 14535 -0.9999999999999987
315 14542 0.0
316 14549 4.0
317 14556 0.0
341 14563 -0.9999999999999987
342 14570 -1.0000000000000027
292 14577 -1.0000000000000027
293 14584 -0.9999999999999988
316 14591 0.0
317 14598 4.0
318 14605 0.0
342 14612 -0.9999999999999988
343 14619 -1.0000000000000002
293 14626 -1.0000000000000002
294 14633 -1.0000000000000002
317 14640 0.0
318 14647 4.000000000000001
319 14654 0.0
343 14661 -1.0000000000000002
344 14666 -1.0000000000000002
294 14671 -1.0000000000000002
295 14678 -0.9999999999999987
318 14685 0.0
319 14692 4.0
320 14699 0.0
344 14706 -0.9999999999999987
345 14713 -1.0000000000000027
295 14720 -1.0000000000000002
296 14727 -1.0000000000000044
319 14734 0.0
320 14741 4.000000000000001
321 14748 0.0
345 14755 -0.9999999999999988
346 14762 -0.9999999999999974
296 14769 -0.9999999999999974
297 14776 -1.0000000000000002
320 14783 0.0
321 14790 4.000000000000001
322 14797 0.0
346 14804 -1.0000000000000058
347 14811 -0.9999999999999974
297 14818 -1.0000000000000002
299 14825 0.0
321 14832 0.0
322 14839 4.0
324 14846 0.0
347 14853 -0.9999999999999987
348 14860 -1.0000000000000027
298 14867 0.0
300 14872 0.0
323 14877 1.0
325 14884 0.0
349 14891 0.0
299 14898 0.0
322 14905 0.0
324 14912 1.0
348 14919 0.0
350 14926 0.0
300 14933 -0.9999999999999993
323 14940 0.0
325 14947 4.000000000000001
326 14954 0.0
349 14961 0.0
351 14968 -0.9999999999999993
352 14975 -1.000000000000001
300 14982 -1.000000000000001
301 14989 -0.9999999999999991
325 14996 0.0
326 15003 4.0
327 15010 0.0
352 15017 -0.9999999999999991
353 15024 -1.0000000000000009
301 15031 -0.9999999999999982
302 15038 -1.0000000000000049
326 15045 0.0
327 15052 3.9999999999999996
328 15059 0.0
353 15066 -0.9999999999999991
354 15071 -0.9999999999999977
302 15076 -0.9999999999999978
303 15083 -0.9999999999999991
327 15090 0.0
328 15097 4.0
329 15104 0.0
354 15111 -1.0000000000000049
355 15118 -0.9999999999999978
303 15125 -1.0000000000000007
304 15132 -0.9999999999999988
328 15139 0.0
329 15146 4.0
330 15153 0.0
355 15160 -0.9999999999999988
356 15167 -1.0000000000000013
304 15174 -1.0000000000000013
305 15181 -0.9999999999999993
329 15188 0.0
330 15195 4.0
331 15202 0.0
356 15209 -0.9999999999999993
357 15216 -1.0000000000000002
305 15223 -1.0000000000000002
306 15230 -0.9999999999999993
330 15237 0.0
331 15244 4.0
332 15251 0.0
357 15258 -0.9999999999999993
358 15263 -1.0000000000000013
306 15268 -1.0000000000000013
307 15275 -0.9999999999999984
331 15282 0.0
332 15289 3.999999999999999
333 15296 0.0
358 15303 -0.9999999999999984
359 15310 -1.0000000000000013
307 15317 -1.0000000000000013
308 15324 -0.9999999999999993
332 15331 0.0
333 15338 4.0
334 15345 0.0
359 15352 -0.9999999999999993
360 15359 -1.0000000000000002
308 15366 -0.9999999999999974
309 15373 -1.0000000000000049
333 15380 0.0
334 15387 4.000000000000001
335 15394 0.0
360 15401 -0.9999999999999993
361 15408 -0.9999999999999987
309 15415 -0.9999999999999986
310 15422 -0.9999999999999984
334 15429 0.0
335 15436 4.0
336 15443 0.0
361 15448 -1.000000000000004
362 15453 -0.9999999999999986
310 15460 -1.0000000000000013
311 15467 -0.9999999999999993
335 15474 0.0
336 15481 4.0
337 15488 0.0
362 15495 -0.9999999999999993
363 15502 -1.0000000000000002
311 15509 -1.0000000000000002
312 15516 -1.0000000000000002
336 15523 0.0
337 15530 4.000000000000001
338 15537 0.0
363 15544 -1.0000000000000002
364 15551 -1.0000000000000002
312 15558 -1.0000000000000002
313 15565 -0.9999999999999987
337 15572 0.0
338 15579 4.0
339 15586 0.0
364 15593 -0.9999999999999987
365 15600 -1.0000000000000027
313 15607 -1.0000000000000027
314 15614 -0.9999999999999988
338 15621 0.0
339 15626 4.0
340 15631 0.0
365 15638 -0.9999999999999988
366 15645 -1.0000000000000002
314 15652 -0.9999999999999974
315 15659 -1.0000000000000058
339 15666 0.0
340 15673 4.000000000000001
341 15680 0.0
366 15687 -1.0000000000000002
367 15694 -0.9999999999999974
315 15701 -0.9999999999999974
316 15708 -0.9999999999999987
340 15715 0.0
341 15722 4.000000000000001
342 15729 0.0
367 15736 -1.0000000000000044
368 15743 -1.0
316 15750 -1.0000000000000027
317 15757 -0.9999999999999988
341 15764 0.0
342 15771 4.0
343 15778 0.0
368 15785 -0.9999999999999988
369 15792 -1.0000000000000002
317 15797 -1.0000000000000002
318 15802 -1.0000000000000002
342 15809 0.0
343 15816 4.000000000000001
344 15823 0.0
369 15830 -1.0000000000000002
370 15837 -1.0000000000000002
318 15844 -1.0000000000000002
319 15851 -0.9999999999999987
343 15858 0.0
344 15865 4.0
345 15872 0.0
370 15879 -0.9999999999999987
371 15886 -1.0000000000000027
319 15893 -1.0000000000000027
320 15900 -0.9999999999999988
344 15907 0.0
345 15914 4.0
346 15921 0.0
371 15928 -0.9999999999999988
372 15935 -1.0000000000000002
320 15942 -0.9999999999999974
321 15949 -1.0000000000000058
345 15956 0.0
346 15961 4.000000000000001
347 15966 0.0
372 15973 -1.0000000000000002
373 15980 -0.9999999999999974
321 15987 -0.9999999999999974
322 15994 -0.9999999999999987
346 16001 0.0
347 16008 4.000000000000001
348 16015 0.0
373 16022 -1.0000000000000044
374 16029 -1.0
322 16036 -1.0000000000000027
324 16043 0.0
347 16050 0.0
348 16057 4.0
350 16064 0.0
374 16071 -0.9999999999999988
375 16078 -1.0000000000000002
323 16085 0.0
325 16092 0.0
349 16099 1.0
351 16106 0.0
376 16113 0.0
324 16118 0.0
348 16123 0.0
350 16130 1.0
375 16137 0.0
377 16144 0.0
325 16151 -0.9999999999999993
349 16158 0.0
351 16165 4.000000000000001
352 16172 0.0
376 16179 0.0
378 16186 -0.9999999999999993
379 16193 -1.000000000000001
325 16200 -1.000000000000001
326 16207 -0.9999999999999991
351 16214 0.0
352 16221 4.0
353 16228 0.0
379 16235 -0.9999999999999991
380 16242 -1.0000000000000009
326 16249 -1.0000000000000009
327 16256 -0.9999999999999991
352 16263 0.0
353 16268 4.0
354 16273 0.0
380 16280 -0.9999999999999991
381 16287 -1.0000000000000007
327 16294 -0.9999999999999977
328 16301 -1.0000000000000049
353 16308 0.0
354 16315 3.9999999999999996
355 16322 0.0
381 16329 -0.9999999999999991
382 16336 -0.9999999999999977
328 16343 -0.9999999999999978
329 16350 -0.9999999999999988
354 16357 0.0
355 16364 4.0
356 16371 0.0
382 16378 -1.0000000000000047
383 16385 -0.9999999999999986
329 16392 -1.0000000000000013
330 16399 -0.9999999999999993
355 16406 0.0
356 16411 4.0
357 16416 0.0
383 16423 -0.9999999999999993
384 16430 -1.0000000000000002
330 16437 -1.0000000000000002
331 16444 -0.9999999999999993
356 16451 0.0
357 16458 4.0
358 16465 0.0
384 16472 -0.9999999999999993
385 16479 -1.0000000000000013
331 16486 -1.0000000000000013
332 16493 -0.9999999999999984
357 16500 0.0
358 16507 3.999999999999999
359 16514 0.0
385 16521 -0.9999999999999984
386 16528 -1.0000000000000013
332 16535 -1.0000000000000013
333 16542 -0.9999999999999993
358 16547 0.0
359 16552 4.0
360 16559 0.0
386 16566 -0.9999999999999993
387 16573 -1.0000000000000002
333 16580 -1.0000000000000002
334 16587 -0.9999999999999993
359 16594 0.0
360 16601 4.0
361 16608 0.0
387 16615 -0.9999999999999993
388 16622 -1.0000000000000013
334 16629 -0.9999999999999987
335 16636 -1.000000000000004
360 16643 0.0
361 16650 4.0
362 16657 0.0
388 16664 -0.9999999999999984
389 16671 -0.9999999999999987
335 16676 -0.9999999999999986
336 16681 -0.9999999999999993
361 16688 0.0
362 16695 4.0
363 16702 0.0
389 16709 -1.0000000000000049
390 16716 -0.9999999999999974
336 16723 -1.0000000000000002
337 16730 -1.0000000000000002
362 16737 0.0
363 16744 4.000000000000001
364 16751 0.0
390 16758 -1.0000000000000002
391 16765 -1.0000000000000002
337 16772 -1.0000000000000002
338 16779 -0.9999999999999987
363 16786 0.0
364 16793 4.0
365 16798 0.0
391 16803 -0.9999999999999987
392 16810 -1.0000000000000027
338 16817 -1.0000000000000027
339 16824 -0.9999999999999988
364 16831 0.0
365 16838 4.0
366 16845 0.0
392 16852 -0.9999999999999988
393 16859 -1.0000000000000002
339 16866 -1.0000000000000002
340 16873 -1.0000000000000002
365 16880 0.0
366 16887 4.000000000000001
367 16894 0.0
393 16901 -1.0000000000000002
394 16908 -1.0000000000000002
340 16913 -0.9999999999999974
341 16918 -1.0000000000000044
366 16925 0.0
367 16932 4.0
368 16939 0.0
394 16946 -0.9999999999999987
395 16953 -1.0000000000000002
341 16960 -1.0
342 16967 -0.9999999999999988
367 16974 0.0
368 16981 4.0
369 16988 0.0
395 16995 -1.0000000000000044
396 17002 -0.9999999999999974
342 17009 -1.0000000000000002
343 17016 -1.0000000000000002
368 17021 0.0
369 17026 4.000000000000001
370 17033 0.0
396 17040 -1.0000000000000002
397 17047 -1.0000000000000002
343 17054 -1.0000000000000002
344 17061 -0.9999999999999987
369 17068 0.0
370 17075 4.0
371 17082 0.0
397 17089 -0.9999999999999987
398 17096 -1.0000000000000027
344 17103 -1.0000000000000027
345 17110 -0.9999999999999988
370 17117 0.0
371 17122 4.0
372 17127 0.0
398 17134 -0.9999999999999988
399 17141 -1.0000000000000002
345 17148 -1.0000000000000002
346 17155 -1.0000000000000002
371 17162 0.0
372 17169 4.000000000000001
373 17176 0.0
399 17183 -1.0000000000000002
400 17190 -1.0000000000000002
346 17197 -0.9999999999999974
347 17204 -1.0000000000000044
372 17211 0.0
373 17216 4.0
374 17221 0.0
400 17228 -0.9999999999999987
401 17235 -1.0000000000000002
347 17242 -1.0
348 17249 -0.9999999999999988
373 17256 0.0
374 17263 4.0
375 17270 0.0
401 17277 -1.0000000000000044
402 17284 -0.9999999999999974
348 17291 -1.0000000000000002
350 17298 0.0
374 17303 0.0
375 17308 4.000000000000001
377 17315 0.0
402 17322 -1.0000000000000002
403 17329 -1.0000000000000002
349 17336 0.0
351 17343 0.0
376 17350 1.0
378 17357 0.0
404 17364 0.0
350 17371 0.0
375 17378 0.0
377 17383 1.0
403 17388 0.0
405 17395 0.0
351 17402 -0.9999999999999993
376 17409 0.0
378 17416 4.000000000000001
379 17423 0.0
404 17430 0.0
406 17437 -1.0000000000000018
407 17444 -0.9999999999999998
351 17451 -1.000000000000001
352 17456 -0.9999999999999991
378 17461 0.0
379 17468 4.0
380 17475 0.0
407 17482 -0.9999999999999991
408 17489 -1.0000000000000009
352 17496 -1.0000000000000009
353 17503 -0.9999999999999991
379 17510 0.0
380 17517 4.0
381 17522 0.0
408 17527 -0.9999999999999991
409 17534 -1.0000000000000007
353 17541 -1.0000000000000007
354 17548 -0.9999999999999991
380 17555 0.0
381 17562 3.9999999999999996
382 17569 0.0
409 17576 -0.9999999999999991
410 17581 -1.0000000000000007
354 17586 -0.9999999999999977
355 17593 -1.0000000000000047
381 17600 0.0
382 17607 4.0
383 17614 0.0
410 17621 -0.9999999999999988
411 17628 -0.9999999999999987
355 17633 -0.9999999999999986
356 17638 -0.9999999999999993
382 17645 0.0
383 17652 4.0
384 17659 0.0
411 17666 -1.0000000000000049
412 17673 -0.9999999999999974
356 17678 -1.0000000000000002
357 17683 -0.9999999999999993
383 17690 0.0
384 17697 4.0
385 17704 0.0
412 17711 -0.9999999999999993
413 17716 -1.0000000000000013
357 17721 -1.0000000000000013
358 17728 -0.9999999999999984
384 17735 0.0
385 17742 3.999999999999999
386 17747 0.0
413 17752 -0.9999999999999984
414 17759 -1.0000000000000013
358 17766 -1.0000000000000013
359 17771 -0.9999999999999993
385 17776 0.0
386 17783 4.0
387 17788 0.0
414 17793 -0.9999999999999993
415 17798 -1.0000000000000002
359 17801 -1.0000000000000002
